def 8 8.1 8.2 8.3 8.4 9 9.1 9.2 10 10.1 10.2 11 11.1 11.2 12 12.1 12.2
Z
0.5777777777777777, 0.7166666666666667, 0.6222222222222222, 0.7166666666666667, 0.6222222222222222, 0.7166666666666667, 0.6222222222222222, 0.6222222222222222, 0.6222222222222222, 0.7166666666666667, 0.7166666666666667, 0.7166666666666667, 0.65, 0.65, 0.65, 0.65, 0.65, 0.65, 
ZZ
0.5777777777777777, 0.49444444444444446, 0.4722222222222222, 0.49444444444444446, 0.6222222222222222, None, 0.5444444444444444, 0.5444444444444444, 0.6222222222222222, None, None, None, 0.4722222222222222, 0.4722222222222222, 0.65, 0.5666666666666667, 0.5666666666666667, 0.7166666666666667, 
ZZZZZZZ
0.5777777777777777, 0.7055555555555556, 0.5722222222222222, 0.6611111111111111, 0.5944444444444444, 0.6944444444444444, 0.5388888888888889, 0.5555555555555556, 0.5444444444444444, None, None, None, 0.5555555555555556, 0.5611111111111111, 0.5277777777777778, 0.6833333333333333, 0.6888888888888889, 0.6333333333333333, 
AE
0.5777777777777777, 0.5777777777777777, 
Lin Rbf Poly
0.8555555555555555, 0.85, 0.8277777777777777, 