def 8 8.1 8.2 8.3 8.4 9 9.1 9.2 10 10.1 10.2 11 11.1 11.2 12 12.1 12.2
Z
0.5777256451413755, 0.7151810368899507, 0.6218020022246941, 0.7151810368899507, 0.6218020022246941, 0.7151810368899507, 0.6218020022246941, 0.6218020022246941, 0.6218020022246941, 0.7151810368899507, 0.7151810368899507, 0.7151810368899507, 0.6499027507641012, 0.6499027507641012, 0.6499027507641012, 0.6499027507641012, 0.6499027507641012, 0.6499027507641012, 
ZZ
0.5777256451413755, 0.4944288403963085, 0.46853146853146854, 0.4944288403963085, 0.6218020022246941, None, 0.5439377085650723, 0.5439377085650723, 0.6218020022246941, None, None, None, 0.4722059322818606, 0.4722059322818606, 0.6499027507641012, 0.56661316211878, 0.56661316211878, 0.7151810368899507, 
ZZZZZZZ
0.5777256451413755, 0.7044518107748072, 0.5722090187968765, 0.6587412587412587, 0.5941312741312741, 0.693981638898334, 0.5347388745289776, 0.5553359683794465, 0.5435428005937655, None, None, None, 0.5555006790961847, 0.5607722007722007, 0.5276465684912475, 0.6832453459294248, 0.6875, 0.6329254727474973, 
AE
0.5777256451413755, 0.5777256451413755, 
Lin Rbf Poly
0.8555555555555555, 0.8486499953287034, 0.8254012954097438, 