def 8 8.1 8.2 8.3 8.4 9 9.1 9.2 10 10.1 10.2 11 11.1 11.2 12 12.1 12.2
Z
0.5783102766798419, 0.7166105499438833, 0.62625, 0.7166105499438833, 0.62625, 0.7166105499438833, 0.62625, 0.62625, 0.62625, 0.7166105499438833, 0.7166105499438833, 0.7166105499438833, 0.6526518444913676, 0.6526518444913676, 0.6526518444913676, 0.6526518444913676, 0.6526518444913676, 0.6526518444913676, 
ZZ
0.5783102766798419, 0.49566563467492264, 0.47583667140457425, 0.49566563467492264, 0.62625, None, 0.5439723320158103, 0.5439723320158103, 0.62625, None, None, None, 0.473374613003096, 0.473374613003096, 0.6526518444913676, 0.5684523809523809, 0.5684523809523809, 0.7166105499438833, 
ZZZZZZZ
0.5783102766798419, 0.7050676934542293, 0.5736842105263158, 0.6607970923674646, 0.5942091616248919, 0.6939191694475343, 0.5466118292205249, 0.5555555555555556, 0.548265460030166, None, None, None, 0.5572916666666667, 0.5608717125571059, 0.5280281516236572, 0.6836029139399926, 0.6884021901443504, 0.6329051383399209, 
AE
0.5783102766798419, 0.5783102766798419, 
Lin Rbf Poly
0.8572488866897576, 0.8541798007817425, 0.8355524260658046, 