def 8 8.1 8.2 8.3 8.4 9 9.1 9.2 10 10.1 10.2 11 11.1 11.2 12 12.1 12.2
Z
0.5784265215239981, 0.7148688767936665, 0.6249381494309747, 0.7148688767936665, 0.6249381494309747, 0.7148688767936665, 0.6249381494309747, 0.6249381494309747, 0.6249381494309747, 0.7148688767936665, 0.7148688767936665, 0.7148688767936665, 0.6520286986640278, 0.6520286986640278, 0.6520286986640278, 0.6520286986640278, 0.6520286986640278, 0.6520286986640278, 
ZZ
0.5784265215239981, 0.4956704601682336, 0.4768678871845621, 0.4956704601682336, 0.6249381494309747, None, 0.5440376051459673, 0.5440376051459673, 0.6249381494309747, None, None, None, 0.4734042553191489, 0.4734042553191489, 0.6520286986640278, 0.5682830282038595, 0.5682830282038595, 0.7148688767936665, 
ZZZZZZZ
0.5784265215239981, 0.7042305789213261, 0.5736021771400297, 0.658708560118753, 0.5943839683325087, 0.6940870856011876, 0.5441613062840178, 0.5556655121227115, 0.5475012370113805, None, None, None, 0.5571499257793172, 0.5609846610588818, 0.5280801583374567, 0.6839435922810491, 0.6872835230084118, 0.6331024245423058, 
AE
0.5784265215239981, 0.5784265215239981, 
Lin Rbf Poly
0.8572488866897576, 0.8474764967837705, 0.824220682830282, 