def 8 8.1 8.2 8.3 8.4 9 9.1 9.2 10 10.1 10.2 11 11.1 11.2 12 12.1 12.2
Z
7.193432331085205, 6.818788290023804, 7.0960540771484375, 7.050668716430664, 6.861586093902588, 6.824841737747192, 7.843052864074707, 7.815859317779541, 14.550553560256958, 6.950765371322632, 6.875431060791016, 8.62743067741394, 8.091634035110474, 7.997837543487549, 7.134758949279785, 8.046132326126099, 6.991168260574341, 9.731856346130371, 
ZZ
7.962345361709595, 54.6960711479187, 47.73297715187073, 50.758036613464355, 9.062511682510376, None, 91.92627716064453, 142.7443070411682, 19.97740125656128, None, None, None, 49.07032227516174, 62.51788568496704, 10.921143293380737, 75.1421172618866, 65.24030756950378, 9.796579599380493, 
ZZZZZZZ
15.546673059463501, 28.398159980773926, 98.10559630393982, 22.565309762954712, 132.3849959373474, 20.855855464935303, 69.84741544723511, 108.21311783790588, 175.7075583934784, None, None, None, 85.13385081291199, 75.61258316040039, 100.99269223213196, 55.998682498931885, 59.323455810546875, 89.17008662223816, 
AE
6.708501815795898, 6.810505151748657, 
Lin Rbf Poly
45.417460441589355, 0.017949342727661133, 0.05162835121154785, 